Mg1EDTAp1e
DG:        -9.37 +-     0.18 kcal/mol     [   -9.71,    -9.07] 
DH:        -2.29 +-     0.03 kcal/mol     [   -2.36,    -2.22] 
DH0:       -0.00 +-     0.00 ucal         [   -0.00,    -0.00] 
Ls:         1.00 +-     0.00 uM           [    1.00,     1.00] 
P0:         0.09 +-     0.00 uM           [    0.09,     0.09] 
sigma:   0.00000 +-  0.00000 ucal/s^(1/2) [ 0.00000,  0.00000] 

