Mgp5EDTAp05e
DG:        -8.78 +-     0.21 kcal/mol     [   -9.21,    -8.38] 
DH:        -2.90 +-     0.10 kcal/mol     [   -3.10,    -2.72] 
DH0:       -0.00 +-     0.00 ucal         [   -0.00,    -0.00] 
Ls:         0.50 +-     0.00 uM           [    0.50,     0.50] 
P0:         0.04 +-     0.00 uM           [    0.04,     0.04] 
sigma:   0.00000 +-  0.00000 ucal/s^(1/2) [ 0.00000,  0.00000] 

