Mg1EDTAp1b
DG:        -9.05 +-     0.04 kcal/mol     [   -9.13,    -8.97] 
DH:        -2.30 +-     0.01 kcal/mol     [   -2.32,    -2.28] 
DH0:       -0.00 +-     0.00 ucal         [   -0.00,    -0.00] 
Ls:         1.00 +-     0.00 uM           [    1.00,     1.00] 
P0:         0.08 +-     0.00 uM           [    0.08,     0.08] 
sigma:   0.00000 +-  0.00000 ucal/s^(1/2) [ 0.00000,  0.00000] 

