3_VP-ITC
DG:        -8.25 +-     0.05 kcal/mol     [   -8.35,    -8.16] 
DH:       -10.71 +-     0.86 kcal/mol     [  -12.56,    -9.18] 
DH0:       -0.00 +-     0.00 ucal         [   -0.00,    -0.00] 
Ls:         0.45 +-     0.04 uM           [    0.38,     0.52] 
P0:         0.04 +-     0.00 uM           [    0.03,     0.04] 
sigma:   0.00000 +-  0.00000 ucal/s^(1/2) [ 0.00000,  0.00000] 

