ubtln59d
DG:        -9.38 +-     0.09 kcal/mol     [   -9.56,    -9.20] 
DH:        -5.17 +-     0.53 kcal/mol     [   -6.29,    -4.19] 
DH0:       -0.00 +-     0.00 ucal         [   -0.00,    -0.00] 
Ls:         0.40 +-     0.04 uM           [    0.32,     0.49] 
P0:         0.02 +-     0.00 uM           [    0.02,     0.03] 
sigma:   0.00000 +-  0.00000 ucal/s^(1/2) [ 0.00000,  0.00000] 

