4_VP-ITC
DG:        -8.34 +-     0.05 kcal/mol     [   -8.42,    -8.25] 
DH:        -7.25 +-     0.08 kcal/mol     [   -7.40,    -7.11] 
DH0:       -0.00 +-     0.00 ucal         [   -0.00,    -0.00] 
Ls:         0.64 +-     0.00 uM           [    0.64,     0.64] 
P0:         0.02 +-     0.00 uM           [    0.02,     0.02] 
sigma:   0.00000 +-  0.00000 ucal/s^(1/2) [ 0.00000,  0.00000] 

