ubtln36e
DG:        -9.11 +-     0.08 kcal/mol     [   -9.26,    -8.95] 
DH:        -4.11 +-     0.29 kcal/mol     [   -4.71,    -3.56] 
DH0:       -0.00 +-     0.00 ucal         [   -0.00,    -0.00] 
Ls:         0.49 +-     0.03 uM           [    0.42,     0.56] 
P0:         0.02 +-     0.00 uM           [    0.02,     0.03] 
sigma:   0.00000 +-  0.00000 ucal/s^(1/2) [ 0.00000,  0.00000] 

