Mgp5EDTAp05j
DG:        -8.95 +-     0.09 kcal/mol     [   -9.14,    -8.77] 
DH:        -2.13 +-     0.03 kcal/mol     [   -2.20,    -2.07] 
DH0:       -0.00 +-     0.00 ucal         [   -0.00,    -0.00] 
Ls:         0.50 +-     0.00 uM           [    0.50,     0.50] 
P0:         0.05 +-     0.00 uM           [    0.05,     0.05] 
sigma:   0.00000 +-  0.00000 ucal/s^(1/2) [ 0.00000,  0.00000] 

