ubtln36b18082014
DG:        -9.26 +-     0.17 kcal/mol     [   -9.60,    -8.95] 
DH:        -4.28 +-     0.10 kcal/mol     [   -4.49,    -4.08] 
DH0:       -0.00 +-     0.00 ucal         [   -0.00,    -0.00] 
Ls:         0.40 +-     0.00 uM           [    0.40,     0.40] 
P0:         0.02 +-     0.00 uM           [    0.02,     0.02] 
sigma:   0.00000 +-  0.00000 ucal/s^(1/2) [ 0.00000,  0.00000] 

