ubtln59c21082014
DG:        -9.10 +-     0.16 kcal/mol     [   -9.42,    -8.81] 
DH:        -5.51 +-     0.57 kcal/mol     [   -6.72,    -4.48] 
DH0:        0.00 +-     0.00 ucal         [    0.00,     0.00] 
Ls:         0.40 +-     0.04 uM           [    0.33,     0.49] 
P0:         0.03 +-     0.00 uM           [    0.02,     0.03] 
sigma:   0.00000 +-  0.00000 ucal/s^(1/2) [ 0.00000,  0.00000] 

