ubtln35m
DG:        -9.07 +-     0.08 kcal/mol     [   -9.23,    -8.91] 
DH:        -6.05 +-     0.61 kcal/mol     [   -7.34,    -4.95] 
DH0:       -0.00 +-     0.00 ucal         [   -0.00,    -0.00] 
Ls:         0.40 +-     0.04 uM           [    0.33,     0.49] 
P0:         0.02 +-     0.00 uM           [    0.02,     0.03] 
sigma:   0.00000 +-  0.00000 ucal/s^(1/2) [ 0.00000,  0.00000] 

