9_VP-ITC
DG:        -8.17 +-     0.05 kcal/mol     [   -8.26,    -8.08] 
DH:       -10.64 +-     0.75 kcal/mol     [  -12.18,    -9.23] 
DH0:       -0.00 +-     0.00 ucal         [   -0.00,    -0.00] 
Ls:         1.24 +-     0.09 uM           [    1.08,     1.42] 
P0:         0.05 +-     0.00 uM           [    0.04,     0.06] 
sigma:   0.00000 +-  0.00000 ucal/s^(1/2) [ 0.00000,  0.00000] 

