ubtln59a
DG:        -9.25 +-     1.39 kcal/mol     [   -9.82,    -8.67] 
DH:        -5.35 +-     0.59 kcal/mol     [   -6.59,    -4.28] 
DH0:       -0.00 +-     0.00 ucal         [   -0.00,    -0.00] 
Ls:         0.40 +-     0.04 uM           [    0.33,     0.49] 
P0:         0.02 +-     0.00 uM           [    0.01,     0.02] 
sigma:   0.00000 +-  0.00000 ucal/s^(1/2) [ 0.00000,  0.00000] 

