ubtln59d
DG:        -9.28 +-     0.08 kcal/mol     [   -9.44,    -9.13] 
DH:        -4.38 +-     0.31 kcal/mol     [   -5.02,    -3.81] 
DH0:       -0.00 +-     0.00 ucal         [   -0.00,    -0.00] 
Ls:         0.47 +-     0.03 uM           [    0.41,     0.53] 
P0:         0.03 +-     0.00 uM           [    0.02,     0.03] 
sigma:   0.00000 +-  0.00000 ucal/s^(1/2) [ 0.00000,  0.00000] 

