ubtln36c14082014
DG:        -9.10 +-     0.31 kcal/mol     [   -9.59,    -8.67] 
DH:        -5.34 +-     0.18 kcal/mol     [   -5.71,    -4.99] 
DH0:        0.00 +-     0.00 ucal         [   -0.00,     0.00] 
Ls:         0.40 +-     0.00 uM           [    0.40,     0.40] 
P0:         0.03 +-     0.00 uM           [    0.02,     0.03] 
sigma:   0.00000 +-  0.00000 ucal/s^(1/2) [ 0.00000,  0.00000] 

