14_MCS-ITC
DG:        -8.19 +-     0.17 kcal/mol     [   -8.52,    -7.85] 
DH:       -12.01 +-     0.74 kcal/mol     [  -13.68,   -10.76] 
DH0:       -0.00 +-     0.00 ucal         [   -0.00,    -0.00] 
Ls:         0.30 +-     0.00 uM           [    0.30,     0.30] 
P0:         0.01 +-     0.00 uM           [    0.01,     0.01] 
sigma:   0.00000 +-  0.00000 ucal/s^(1/2) [ 0.00000,  0.00000] 

