8_VP-ITC
DG:        -7.51 +-     0.14 kcal/mol     [   -7.76,    -7.22] 
DH:        -4.66 +-     0.47 kcal/mol     [   -5.79,    -3.95] 
DH0:        0.00 +-     0.00 ucal         [    0.00,     0.00] 
Ls:         0.20 +-     0.00 uM           [    0.20,     0.20] 
P0:         0.01 +-     0.00 uM           [    0.01,     0.01] 
sigma:   0.00000 +-  0.00000 ucal/s^(1/2) [ 0.00000,  0.00000] 

