ubtln35k
DG:        -9.18 +-     0.33 kcal/mol     [   -9.62,    -8.77] 
DH:        -6.25 +-     0.23 kcal/mol     [   -6.73,    -5.81] 
DH0:       -0.00 +-     0.00 ucal         [   -0.00,     0.00] 
Ls:         0.40 +-     0.00 uM           [    0.40,     0.40] 
P0:         0.02 +-     0.00 uM           [    0.02,     0.02] 
sigma:   0.00000 +-  0.00000 ucal/s^(1/2) [ 0.00000,  0.00000] 

