ubtln35test2
DG:        -8.81 +-     0.75 kcal/mol     [   -9.34,    -8.31] 
DH:        -4.40 +-     0.36 kcal/mol     [   -5.16,    -3.72] 
DH0:        0.00 +-     0.00 ucal         [   -0.00,     0.00] 
Ls:         0.48 +-     0.03 uM           [    0.42,     0.55] 
P0:         0.02 +-     0.00 uM           [    0.02,     0.03] 
sigma:   0.00000 +-  0.00000 ucal/s^(1/2) [ 0.00000,  0.00000] 

