ubtln59b21082014
DG:        -9.27 +-     0.18 kcal/mol     [   -9.64,    -8.93] 
DH:        -5.31 +-     0.40 kcal/mol     [   -6.17,    -4.58] 
DH0:        0.00 +-     0.00 ucal         [   -0.00,     0.00] 
Ls:         0.42 +-     0.03 uM           [    0.36,     0.47] 
P0:         0.03 +-     0.00 uM           [    0.02,     0.03] 
sigma:   0.00000 +-  0.00000 ucal/s^(1/2) [ 0.00000,  0.00000] 

