ubtln36g
DG:        -8.99 +-     0.09 kcal/mol     [   -9.17,    -8.82] 
DH:        -4.20 +-     0.31 kcal/mol     [   -4.83,    -3.64] 
DH0:       -0.00 +-     0.00 ucal         [   -0.00,    -0.00] 
Ls:         0.46 +-     0.03 uM           [    0.40,     0.53] 
P0:         0.03 +-     0.00 uM           [    0.02,     0.03] 
sigma:   0.00000 +-  0.00000 ucal/s^(1/2) [ 0.00000,  0.00000] 

