12_VP-ITC
DG:        -8.32 +-     0.04 kcal/mol     [   -8.40,    -8.23] 
DH:       -10.60 +-     0.74 kcal/mol     [  -12.06,    -9.13] 
DH0:       -0.00 +-     0.00 ucal         [   -0.00,    -0.00] 
Ls:         0.86 +-     0.06 uM           [    0.76,     1.00] 
P0:         0.03 +-     0.00 uM           [    0.03,     0.03] 
sigma:   0.00000 +-  0.00000 ucal/s^(1/2) [ 0.00000,  0.00000] 

