Mgp5EDTAp05h
DG:        -9.36 +-     0.26 kcal/mol     [   -9.84,    -8.95] 
DH:        -1.96 +-     0.15 kcal/mol     [   -2.26,    -1.68] 
DH0:       -0.00 +-     0.00 ucal         [   -0.00,    -0.00] 
Ls:         0.49 +-     0.03 uM           [    0.43,     0.56] 
P0:         0.05 +-     0.00 uM           [    0.04,     0.06] 
sigma:   0.00000 +-  0.00000 ucal/s^(1/2) [ 0.00000,  0.00000] 

