Mgp5EDTAp05f
DG:        -9.05 +-     0.11 kcal/mol     [   -9.27,    -8.84] 
DH:        -2.13 +-     0.15 kcal/mol     [   -2.45,    -1.85] 
DH0:       -0.00 +-     0.00 ucal         [   -0.00,    -0.00] 
Ls:         0.51 +-     0.04 uM           [    0.44,     0.58] 
P0:         0.05 +-     0.00 uM           [    0.04,     0.06] 
sigma:   0.00000 +-  0.00000 ucal/s^(1/2) [ 0.00000,  0.00000] 

