10_VP-ITC
DG:        -8.12 +-     0.04 kcal/mol     [   -8.21,    -8.04] 
DH:       -11.34 +-     0.80 kcal/mol     [  -13.03,    -9.88] 
DH0:       -0.00 +-     0.00 ucal         [   -0.00,    -0.00] 
Ls:         0.42 +-     0.03 uM           [    0.37,     0.48] 
P0:         0.03 +-     0.00 uM           [    0.03,     0.03] 
sigma:   0.00000 +-  0.00000 ucal/s^(1/2) [ 0.00000,  0.00000] 

