ubtln59b21082014
DG:        -9.27 +-     0.17 kcal/mol     [   -9.63,    -8.94] 
DH:        -5.28 +-     0.40 kcal/mol     [   -6.12,    -4.55] 
DH0:        0.00 +-     0.00 ucal         [   -0.00,     0.00] 
Ls:         0.42 +-     0.03 uM           [    0.36,     0.48] 
P0:         0.03 +-     0.00 uM           [    0.02,     0.03] 
sigma:   0.00000 +-  0.00000 ucal/s^(1/2) [ 0.00000,  0.00000] 

