ubtln36c14082014
DG:        -9.05 +-     0.27 kcal/mol     [   -9.56,    -8.62] 
DH:        -4.99 +-     0.39 kcal/mol     [   -5.79,    -4.25] 
DH0:        0.00 +-     0.00 ucal         [   -0.00,     0.00] 
Ls:         0.43 +-     0.03 uM           [    0.38,     0.49] 
P0:         0.03 +-     0.00 uM           [    0.02,     0.03] 
sigma:   0.00000 +-  0.00000 ucal/s^(1/2) [ 0.00000,  0.00000] 

