ubtln35L
DG:        -9.37 +-     1.27 kcal/mol     [   -9.97,    -8.70] 
DH:        -5.26 +-     0.45 kcal/mol     [   -6.20,    -4.44] 
DH0:       -0.00 +-     0.00 ucal         [   -0.00,     0.00] 
Ls:         0.46 +-     0.03 uM           [    0.40,     0.53] 
P0:         0.03 +-     0.00 uM           [    0.02,     0.03] 
sigma:   0.00000 +-  0.00000 ucal/s^(1/2) [ 0.00000,  0.00000] 

