Mgp5EDTAp05j
DG:        -8.95 +-     0.10 kcal/mol     [   -9.16,    -8.75] 
DH:        -2.18 +-     0.16 kcal/mol     [   -2.50,    -1.88] 
DH0:       -0.00 +-     0.00 ucal         [   -0.00,    -0.00] 
Ls:         0.49 +-     0.04 uM           [    0.43,     0.57] 
P0:         0.05 +-     0.00 uM           [    0.04,     0.06] 
sigma:   0.00000 +-  0.00000 ucal/s^(1/2) [ 0.00000,  0.00000] 

