19052014ubtln35test2
DG:        -8.84 +-     0.55 kcal/mol     [   -9.33,    -8.36] 
DH:        -4.24 +-     1.33 kcal/mol     [   -4.95,    -3.52] 
DH0:        0.00 +-     0.00 ucal         [   -0.00,     0.00] 
Ls:         0.58 +-     0.04 uM           [    0.50,     0.66] 
P0:         0.02 +-     0.00 uM           [    0.02,     0.02] 
sigma:   0.00000 +-  0.00000 ucal/s^(1/2) [ 0.00000,  0.00000] 

