18052014ubtln35test2
DG:        -8.70 +-     0.20 kcal/mol     [   -9.11,    -8.33] 
DH:        -5.67 +-     0.62 kcal/mol     [   -7.00,    -4.57] 
DH0:        0.00 +-     0.00 ucal         [   -0.00,     0.00] 
Ls:         0.40 +-     0.04 uM           [    0.33,     0.48] 
P0:         0.02 +-     0.00 uM           [    0.01,     0.02] 
sigma:   0.00000 +-  0.00000 ucal/s^(1/2) [ 0.00000,  0.00000] 

