19052014ubtln35test1
DG:        -8.69 +-     0.18 kcal/mol     [   -9.05,    -8.35] 
DH:        -3.75 +-     0.29 kcal/mol     [   -4.37,    -3.21] 
DH0:       -0.00 +-     0.00 ucal         [   -0.00,     0.00] 
Ls:         0.54 +-     0.04 uM           [    0.47,     0.62] 
P0:         0.02 +-     0.00 uM           [    0.02,     0.03] 
sigma:   0.00000 +-  0.00000 ucal/s^(1/2) [ 0.00000,  0.00000] 

