12_VP-ITC
DG:        -8.30 +-     0.01 kcal/mol     [   -8.32,    -8.27] 
DH:       -10.17 +-     0.03 kcal/mol     [  -10.23,   -10.11] 
DH0:       -0.00 +-     0.00 ucal         [   -0.00,    -0.00] 
Ls:         0.90 +-     0.00 uM           [    0.89,     0.90] 
P0:         0.03 +-     0.00 uM           [    0.03,     0.03] 
sigma:   0.00000 +-  0.00000 ucal/s^(1/2) [ 0.00000,  0.00000] 

