7_MCS-ITC
DG:        -7.97 +-     0.14 kcal/mol     [   -8.25,    -7.68] 
DH:       -10.29 +-     0.47 kcal/mol     [  -11.31,    -9.48] 
DH0:        0.00 +-     0.00 ucal         [   -0.00,     0.00] 
Ls:         0.53 +-     0.00 uM           [    0.53,     0.53] 
P0:         0.03 +-     0.00 uM           [    0.03,     0.04] 
sigma:   0.00000 +-  0.00000 ucal/s^(1/2) [ 0.00000,  0.00000] 

