14_MCS-ITC
DG:        -8.03 +-     0.19 kcal/mol     [   -8.39,    -7.66] 
DH:        -9.38 +-     1.35 kcal/mol     [  -11.43,    -7.75] 
DH0:       -0.00 +-     0.00 ucal         [   -0.00,     0.00] 
Ls:         0.38 +-     0.03 uM           [    0.33,     0.45] 
P0:         0.02 +-     0.00 uM           [    0.01,     0.02] 
sigma:   0.00000 +-  0.00000 ucal/s^(1/2) [ 0.00000,  0.00000] 

