ubtln36b
DG:        -9.07 +-     0.22 kcal/mol     [   -9.52,    -8.67] 
DH:        -4.97 +-     0.53 kcal/mol     [   -6.10,    -3.98] 
DH0:       -0.00 +-     0.00 ucal         [   -0.00,    -0.00] 
Ls:         0.40 +-     0.04 uM           [    0.33,     0.48] 
P0:         0.02 +-     0.00 uM           [    0.02,     0.03] 
sigma:   0.00000 +-  0.00000 ucal/s^(1/2) [ 0.00000,  0.00000] 

