ubtln35L
DG:        -9.33 +-     1.07 kcal/mol     [   -9.98,    -8.69] 
DH:        -5.27 +-     0.45 kcal/mol     [   -6.21,    -4.43] 
DH0:       -0.00 +-     0.00 ucal         [   -0.00,     0.00] 
Ls:         0.46 +-     0.03 uM           [    0.40,     0.53] 
P0:         0.03 +-     0.00 uM           [    0.02,     0.03] 
sigma:   0.00000 +-  0.00000 ucal/s^(1/2) [ 0.00000,  0.00000] 

