19052014ubtln35test1
DG:        -8.70 +-     0.40 kcal/mol     [   -9.07,    -8.35] 
DH:        -3.76 +-     0.29 kcal/mol     [   -4.38,    -3.22] 
DH0:       -0.00 +-     0.00 ucal         [   -0.00,     0.00] 
Ls:         0.54 +-     0.04 uM           [    0.46,     0.62] 
P0:         0.02 +-     0.00 uM           [    0.02,     0.03] 
sigma:   0.00000 +-  0.00000 ucal/s^(1/2) [ 0.00000,  0.00000] 

