ubtln59b
DG:        -9.28 +-     0.07 kcal/mol     [   -9.42,    -9.13] 
DH:        -4.43 +-     0.33 kcal/mol     [   -5.11,    -3.84] 
DH0:       -0.00 +-     0.00 ucal         [   -0.00,    -0.00] 
Ls:         0.46 +-     0.03 uM           [    0.40,     0.53] 
P0:         0.03 +-     0.00 uM           [    0.02,     0.03] 
sigma:   0.00000 +-  0.00000 ucal/s^(1/2) [ 0.00000,  0.00000] 

