ubtln36g
DG:        -9.07 +-     0.08 kcal/mol     [   -9.22,    -8.92] 
DH:        -4.83 +-     0.07 kcal/mol     [   -4.97,    -4.70] 
DH0:       -0.00 +-     0.00 ucal         [   -0.00,    -0.00] 
Ls:         0.40 +-     0.00 uM           [    0.40,     0.40] 
P0:         0.02 +-     0.00 uM           [    0.02,     0.02] 
sigma:   0.00000 +-  0.00000 ucal/s^(1/2) [ 0.00000,  0.00000] 

