Mg1EDTAp1a
DG:        -9.06 +-     0.06 kcal/mol     [   -9.19,    -8.93] 
DH:        -2.34 +-     0.02 kcal/mol     [   -2.38,    -2.31] 
DH0:       -0.00 +-     0.00 ucal         [   -0.00,    -0.00] 
Ls:         1.00 +-     0.00 uM           [    1.00,     1.00] 
P0:         0.08 +-     0.00 uM           [    0.08,     0.08] 
sigma:   0.00000 +-  0.00000 ucal/s^(1/2) [ 0.00000,  0.00000] 

