Mgp5EDTAp05g
DG:        -8.86 +-     0.12 kcal/mol     [   -9.11,    -8.62] 
DH:        -2.03 +-     0.15 kcal/mol     [   -2.34,    -1.75] 
DH0:       -0.00 +-     0.00 ucal         [   -0.00,    -0.00] 
Ls:         0.51 +-     0.04 uM           [    0.44,     0.59] 
P0:         0.05 +-     0.00 uM           [    0.04,     0.06] 
sigma:   0.00000 +-  0.00000 ucal/s^(1/2) [ 0.00000,  0.00000] 

