ubtln59neuesProtein
DG:        -9.16 +-     0.21 kcal/mol     [   -9.63,    -8.78] 
DH:        -4.85 +-     0.36 kcal/mol     [   -5.62,    -4.19] 
DH0:       -0.00 +-     0.00 ucal         [   -0.00,     0.00] 
Ls:         0.42 +-     0.03 uM           [    0.36,     0.48] 
P0:         0.03 +-     0.00 uM           [    0.02,     0.03] 
sigma:   0.00000 +-  0.00000 ucal/s^(1/2) [ 0.00000,  0.00000] 

