Mgp5EDTAp05b
DG:        -8.80 +-     0.08 kcal/mol     [   -8.97,    -8.64] 
DH:        -2.22 +-     0.16 kcal/mol     [   -2.55,    -1.93] 
DH0:       -0.00 +-     0.00 ucal         [   -0.00,    -0.00] 
Ls:         0.51 +-     0.04 uM           [    0.44,     0.58] 
P0:         0.05 +-     0.00 uM           [    0.04,     0.06] 
sigma:   0.00000 +-  0.00000 ucal/s^(1/2) [ 0.00000,  0.00000] 

