4_VP-ITC
DG:        -8.35 +-     0.06 kcal/mol     [   -8.47,    -8.23] 
DH:        -7.42 +-     0.54 kcal/mol     [   -8.56,    -6.44] 
DH0:       -0.00 +-     0.00 ucal         [   -0.00,    -0.00] 
Ls:         0.63 +-     0.05 uM           [    0.54,     0.72] 
P0:         0.02 +-     0.00 uM           [    0.02,     0.03] 
sigma:   0.00000 +-  0.00000 ucal/s^(1/2) [ 0.00000,  0.00000] 

