ubtln36e
DG:        -9.11 +-     0.08 kcal/mol     [   -9.27,    -8.96] 
DH:        -4.13 +-     0.29 kcal/mol     [   -4.73,    -3.58] 
DH0:       -0.00 +-     0.00 ucal         [   -0.00,    -0.00] 
Ls:         0.48 +-     0.03 uM           [    0.42,     0.55] 
P0:         0.02 +-     0.00 uM           [    0.02,     0.03] 
sigma:   0.00000 +-  0.00000 ucal/s^(1/2) [ 0.00000,  0.00000] 

