5_VP-ITC
DG:        -8.11 +-     0.01 kcal/mol     [   -8.14,    -8.08] 
DH:        -9.88 +-     0.04 kcal/mol     [   -9.96,    -9.81] 
DH0:       -0.00 +-     0.00 ucal         [   -0.00,    -0.00] 
Ls:         0.67 +-     0.00 uM           [    0.66,     0.67] 
P0:         0.02 +-     0.00 uM           [    0.02,     0.02] 
sigma:   0.00000 +-  0.00000 ucal/s^(1/2) [ 0.00000,  0.00000] 

