Mg1EDTAp1c
DG:        -8.97 +-     0.06 kcal/mol     [   -9.09,    -8.85] 
DH:        -2.06 +-     0.15 kcal/mol     [   -2.37,    -1.81] 
DH0:       -0.00 +-     0.00 ucal         [   -0.00,    -0.00] 
Ls:         1.09 +-     0.08 uM           [    0.95,     1.24] 
P0:         0.09 +-     0.01 uM           [    0.08,     0.10] 
sigma:   0.00000 +-  0.00000 ucal/s^(1/2) [ 0.00000,  0.00000] 

