Mgp5EDTAp05b
DG:        -8.81 +-     0.07 kcal/mol     [   -8.96,    -8.66] 
DH:        -2.24 +-     0.03 kcal/mol     [   -2.29,    -2.18] 
DH0:       -0.00 +-     0.00 ucal         [   -0.00,    -0.00] 
Ls:         0.50 +-     0.00 uM           [    0.50,     0.50] 
P0:         0.05 +-     0.00 uM           [    0.05,     0.05] 
sigma:   0.00000 +-  0.00000 ucal/s^(1/2) [ 0.00000,  0.00000] 

