5_VP-ITC
DG:        -7.96 +-     0.04 kcal/mol     [   -8.05,    -7.88] 
DH:        -7.73 +-     0.53 kcal/mol     [   -8.82,    -6.71] 
DH0:       -0.00 +-     0.00 ucal         [   -0.00,    -0.00] 
Ls:         0.85 +-     0.06 uM           [    0.75,     0.98] 
P0:         0.03 +-     0.00 uM           [    0.03,     0.03] 
sigma:   0.00000 +-  0.00000 ucal/s^(1/2) [ 0.00000,  0.00000] 

