3_VP-ITC
DG:        -8.25 +-     0.04 kcal/mol     [   -8.34,    -8.17] 
DH:       -10.77 +-     0.76 kcal/mol     [  -12.42,    -9.45] 
DH0:       -0.00 +-     0.00 ucal         [   -0.00,    -0.00] 
Ls:         0.45 +-     0.03 uM           [    0.38,     0.50] 
P0:         0.04 +-     0.00 uM           [    0.03,     0.04] 
sigma:   0.00000 +-  0.00000 ucal/s^(1/2) [ 0.00000,  0.00000] 

