13_VP-ITC
DG:        -8.43 +-     0.06 kcal/mol     [   -8.55,    -8.30] 
DH:       -11.04 +-     0.80 kcal/mol     [  -12.72,    -9.55] 
DH0:       -0.00 +-     0.00 ucal         [   -0.00,    -0.00] 
Ls:         0.12 +-     0.01 uM           [    0.10,     0.14] 
P0:         0.01 +-     0.00 uM           [    0.01,     0.01] 
sigma:   0.00000 +-  0.00000 ucal/s^(1/2) [ 0.00000,  0.00000] 

