ubtln35n
DG:        -8.95 +-     0.11 kcal/mol     [   -9.18,    -8.74] 
DH:        -5.15 +-     0.37 kcal/mol     [   -5.93,    -4.47] 
DH0:       -0.00 +-     0.00 ucal         [   -0.00,    -0.00] 
Ls:         0.47 +-     0.03 uM           [    0.41,     0.54] 
P0:         0.03 +-     0.00 uM           [    0.02,     0.03] 
sigma:   0.00000 +-  0.00000 ucal/s^(1/2) [ 0.00000,  0.00000] 

