8_VP-ITC
DG:        -7.55 +-     0.19 kcal/mol     [   -7.86,    -7.13] 
DH:        -6.05 +-     0.95 kcal/mol     [   -8.16,    -4.73] 
DH0:        0.00 +-     0.00 ucal         [    0.00,     0.00] 
Ls:         0.17 +-     0.01 uM           [    0.14,     0.19] 
P0:         0.01 +-     0.00 uM           [    0.01,     0.01] 
sigma:   0.00000 +-  0.00000 ucal/s^(1/2) [ 0.00000,  0.00000] 

