ubtln35n
DG:        -8.95 +-     0.12 kcal/mol     [   -9.19,    -8.72] 
DH:        -5.16 +-     0.38 kcal/mol     [   -5.92,    -4.46] 
DH0:       -0.00 +-     0.00 ucal         [   -0.00,    -0.00] 
Ls:         0.47 +-     0.03 uM           [    0.41,     0.54] 
P0:         0.03 +-     0.00 uM           [    0.02,     0.03] 
sigma:   0.00000 +-  0.00000 ucal/s^(1/2) [ 0.00000,  0.00000] 

