3_VP-ITC
DG:        -8.24 +-     0.04 kcal/mol     [   -8.32,    -8.16] 
DH:       -10.55 +-     0.74 kcal/mol     [  -11.97,    -9.22] 
DH0:       -0.00 +-     0.00 ucal         [   -0.00,    -0.00] 
Ls:         0.46 +-     0.03 uM           [    0.40,     0.52] 
P0:         0.04 +-     0.00 uM           [    0.03,     0.04] 
sigma:   0.00000 +-  0.00000 ucal/s^(1/2) [ 0.00000,  0.00000] 

