19052014ubtln36test2
DG:        -8.98 +-     0.19 kcal/mol     [   -9.38,    -8.62] 
DH:        -5.06 +-     0.17 kcal/mol     [   -5.42,    -4.73] 
DH0:        0.00 +-     0.00 ucal         [   -0.00,     0.00] 
Ls:         0.40 +-     0.00 uM           [    0.40,     0.40] 
P0:         0.02 +-     0.00 uM           [    0.02,     0.02] 
sigma:   0.00000 +-  0.00000 ucal/s^(1/2) [ 0.00000,  0.00000] 

