ubtln36c14082014
DG:        -9.09 +-     0.24 kcal/mol     [   -9.60,    -8.65] 
DH:        -5.41 +-     0.58 kcal/mol     [   -6.65,    -4.38] 
DH0:        0.00 +-     0.00 ucal         [   -0.00,     0.00] 
Ls:         0.40 +-     0.04 uM           [    0.33,     0.48] 
P0:         0.03 +-     0.00 uM           [    0.02,     0.03] 
sigma:   0.00000 +-  0.00000 ucal/s^(1/2) [ 0.00000,  0.00000] 

