ubtln35test2
DG:        -8.80 +-     0.67 kcal/mol     [   -9.35,    -8.30] 
DH:        -4.37 +-     0.36 kcal/mol     [   -5.12,    -3.69] 
DH0:        0.00 +-     0.00 ucal         [   -0.00,     0.00] 
Ls:         0.49 +-     0.04 uM           [    0.42,     0.56] 
P0:         0.02 +-     0.00 uM           [    0.02,     0.03] 
sigma:   0.00000 +-  0.00000 ucal/s^(1/2) [ 0.00000,  0.00000] 

