1_MCS-ITC
DG:        -7.98 +-     0.07 kcal/mol     [   -8.13,    -7.83] 
DH:        -8.60 +-     0.65 kcal/mol     [   -9.94,    -7.39] 
DH0:       -0.00 +-     0.00 ucal         [   -0.00,     0.00] 
Ls:         0.44 +-     0.03 uM           [    0.38,     0.50] 
P0:         0.01 +-     0.00 uM           [    0.01,     0.02] 
sigma:   0.00000 +-  0.00000 ucal/s^(1/2) [ 0.00000,  0.00000] 

