Mgp5EDTAp05h
DG:        -9.34 +-     0.22 kcal/mol     [   -9.81,    -8.94] 
DH:        -1.92 +-     0.05 kcal/mol     [   -2.03,    -1.82] 
DH0:       -0.00 +-     0.00 ucal         [   -0.00,    -0.00] 
Ls:         0.50 +-     0.00 uM           [    0.50,     0.50] 
P0:         0.05 +-     0.00 uM           [    0.05,     0.05] 
sigma:   0.00000 +-  0.00000 ucal/s^(1/2) [ 0.00000,  0.00000] 

