ubtln36a14082014
DG:        -8.79 +-     0.20 kcal/mol     [   -9.21,    -8.40] 
DH:        -3.52 +-     0.28 kcal/mol     [   -4.11,    -3.02] 
DH0:       -0.00 +-     0.00 ucal         [   -0.00,    -0.00] 
Ls:         0.50 +-     0.04 uM           [    0.43,     0.57] 
P0:         0.02 +-     0.00 uM           [    0.02,     0.03] 
sigma:   0.00000 +-  0.00000 ucal/s^(1/2) [ 0.00000,  0.00000] 

