5_VP-ITC
DG:        -7.96 +-     0.05 kcal/mol     [   -8.05,    -7.87] 
DH:        -7.65 +-     0.56 kcal/mol     [   -8.81,    -6.61] 
DH0:       -0.00 +-     0.00 ucal         [   -0.00,    -0.00] 
Ls:         0.86 +-     0.06 uM           [    0.75,     0.99] 
P0:         0.03 +-     0.00 uM           [    0.03,     0.03] 
sigma:   0.00000 +-  0.00000 ucal/s^(1/2) [ 0.00000,  0.00000] 

