11_VP-ITC
DG:        -8.44 +-     0.08 kcal/mol     [   -8.60,    -8.28] 
DH:        -9.83 +-     0.75 kcal/mol     [  -11.36,    -8.44] 
DH0:       -0.00 +-     0.00 ucal         [   -0.00,    -0.00] 
Ls:         0.09 +-     0.01 uM           [    0.08,     0.10] 
P0:         0.01 +-     0.00 uM           [    0.01,     0.01] 
sigma:   0.00000 +-  0.00000 ucal/s^(1/2) [ 0.00000,  0.00000] 

