11_VP-ITC
DG:        -8.37 +-     0.07 kcal/mol     [   -8.51,    -8.22] 
DH:        -8.82 +-     0.26 kcal/mol     [   -9.36,    -8.33] 
DH0:       -0.00 +-     0.00 ucal         [   -0.00,    -0.00] 
Ls:         0.10 +-     0.00 uM           [    0.10,     0.10] 
P0:         0.01 +-     0.00 uM           [    0.01,     0.01] 
sigma:   0.00000 +-  0.00000 ucal/s^(1/2) [ 0.00000,  0.00000] 

