ubtln35k
DG:        -9.10 +-     0.68 kcal/mol     [   -9.56,    -8.67] 
DH:        -5.38 +-     0.43 kcal/mol     [   -6.26,    -4.58] 
DH0:       -0.00 +-     0.00 ucal         [   -0.00,     0.00] 
Ls:         0.47 +-     0.03 uM           [    0.41,     0.53] 
P0:         0.03 +-     0.00 uM           [    0.02,     0.03] 
sigma:   0.00000 +-  0.00000 ucal/s^(1/2) [ 0.00000,  0.00000] 

