ubtln35m
DG:        -8.96 +-     0.07 kcal/mol     [   -9.11,    -8.82] 
DH:        -5.03 +-     0.36 kcal/mol     [   -5.77,    -4.36] 
DH0:       -0.00 +-     0.00 ucal         [   -0.00,    -0.00] 
Ls:         0.48 +-     0.03 uM           [    0.42,     0.55] 
P0:         0.02 +-     0.00 uM           [    0.02,     0.03] 
sigma:   0.00000 +-  0.00000 ucal/s^(1/2) [ 0.00000,  0.00000] 

