19052014ubtln36test2
DG:        -8.91 +-     0.19 kcal/mol     [   -9.31,    -8.54] 
DH:        -4.44 +-     0.35 kcal/mol     [   -5.19,    -3.81] 
DH0:        0.00 +-     0.00 ucal         [   -0.00,     0.00] 
Ls:         0.46 +-     0.03 uM           [    0.40,     0.52] 
P0:         0.03 +-     0.00 uM           [    0.02,     0.03] 
sigma:   0.00000 +-  0.00000 ucal/s^(1/2) [ 0.00000,  0.00000] 

