1_MCS-ITC
DG:        -7.99 +-     0.07 kcal/mol     [   -8.14,    -7.84] 
DH:        -8.59 +-     0.64 kcal/mol     [   -9.90,    -7.40] 
DH0:       -0.00 +-     0.00 ucal         [   -0.00,     0.00] 
Ls:         0.44 +-     0.03 uM           [    0.38,     0.50] 
P0:         0.01 +-     0.00 uM           [    0.01,     0.02] 
sigma:   0.00000 +-  0.00000 ucal/s^(1/2) [ 0.00000,  0.00000] 

