Mgp5EDTAp05i
DG:        -8.93 +-     0.08 kcal/mol     [   -9.08,    -8.78] 
DH:        -2.18 +-     0.03 kcal/mol     [   -2.23,    -2.12] 
DH0:       -0.00 +-     0.00 ucal         [   -0.00,    -0.00] 
Ls:         0.50 +-     0.00 uM           [    0.50,     0.50] 
P0:         0.05 +-     0.00 uM           [    0.05,     0.05] 
sigma:   0.00000 +-  0.00000 ucal/s^(1/2) [ 0.00000,  0.00000] 

