Mgp5EDTAp05e
DG:        -8.71 +-     0.22 kcal/mol     [   -9.16,    -8.29] 
DH:        -2.60 +-     0.20 kcal/mol     [   -3.02,    -2.22] 
DH0:       -0.00 +-     0.00 ucal         [   -0.00,    -0.00] 
Ls:         0.56 +-     0.04 uM           [    0.49,     0.64] 
P0:         0.04 +-     0.00 uM           [    0.04,     0.05] 
sigma:   0.00000 +-  0.00000 ucal/s^(1/2) [ 0.00000,  0.00000] 

