18052014ubtln35test2
DG:        -8.71 +-     0.20 kcal/mol     [   -9.11,    -8.32] 
DH:        -5.61 +-     0.23 kcal/mol     [   -6.09,    -5.18] 
DH0:        0.00 +-     0.00 ucal         [   -0.00,     0.00] 
Ls:         0.40 +-     0.00 uM           [    0.40,     0.40] 
P0:         0.02 +-     0.00 uM           [    0.02,     0.02] 
sigma:   0.00000 +-  0.00000 ucal/s^(1/2) [ 0.00000,  0.00000] 

