ubtln36b18082014
DG:        -9.13 +-     0.18 kcal/mol     [   -9.52,    -8.80] 
DH:        -3.46 +-     0.26 kcal/mol     [   -4.01,    -2.98] 
DH0:       -0.00 +-     0.00 ucal         [   -0.00,    -0.00] 
Ls:         0.50 +-     0.03 uM           [    0.43,     0.57] 
P0:         0.02 +-     0.00 uM           [    0.02,     0.03] 
sigma:   0.00000 +-  0.00000 ucal/s^(1/2) [ 0.00000,  0.00000] 

