18052014ubtln35test1
DG:        -8.91 +-     0.18 kcal/mol     [   -9.29,    -8.56] 
DH:        -5.84 +-     0.61 kcal/mol     [   -7.11,    -4.72] 
DH0:        0.00 +-     0.00 ucal         [   -0.00,     0.00] 
Ls:         0.40 +-     0.04 uM           [    0.33,     0.49] 
P0:         0.02 +-     0.00 uM           [    0.01,     0.02] 
sigma:   0.00000 +-  0.00000 ucal/s^(1/2) [ 0.00000,  0.00000] 

