Mgp5EDTAp05a
DG:        -9.03 +-     0.12 kcal/mol     [   -9.28,    -8.79] 
DH:        -2.48 +-     0.18 kcal/mol     [   -2.85,    -2.14] 
DH0:       -0.00 +-     0.00 ucal         [   -0.00,    -0.00] 
Ls:         0.47 +-     0.03 uM           [    0.41,     0.53] 
P0:         0.05 +-     0.00 uM           [    0.05,     0.06] 
sigma:   0.00000 +-  0.00000 ucal/s^(1/2) [ 0.00000,  0.00000] 

