1_MCS-ITC
DG:        -8.05 +-     0.06 kcal/mol     [   -8.17,    -7.92] 
DH:        -9.60 +-     0.24 kcal/mol     [  -10.11,    -9.14] 
DH0:       -0.00 +-     0.00 ucal         [   -0.00,     0.00] 
Ls:         0.39 +-     0.00 uM           [    0.39,     0.39] 
P0:         0.01 +-     0.00 uM           [    0.01,     0.01] 
sigma:   0.00000 +-  0.00000 ucal/s^(1/2) [ 0.00000,  0.00000] 

