Mg1EDTAp1a
DG:        -8.99 +-     0.08 kcal/mol     [   -9.14,    -8.84] 
DH:        -2.10 +-     0.15 kcal/mol     [   -2.42,    -1.83] 
DH0:       -0.00 +-     0.00 ucal         [   -0.00,    -0.00] 
Ls:         1.12 +-     0.08 uM           [    0.97,     1.28] 
P0:         0.09 +-     0.01 uM           [    0.08,     0.10] 
sigma:   0.00000 +-  0.00000 ucal/s^(1/2) [ 0.00000,  0.00000] 

