ubtln59c21082014
DG:        -9.09 +-     0.15 kcal/mol     [   -9.39,    -8.82] 
DH:        -5.45 +-     0.13 kcal/mol     [   -5.71,    -5.20] 
DH0:        0.00 +-     0.00 ucal         [    0.00,     0.00] 
Ls:         0.40 +-     0.00 uM           [    0.40,     0.40] 
P0:         0.03 +-     0.00 uM           [    0.03,     0.03] 
sigma:   0.00000 +-  0.00000 ucal/s^(1/2) [ 0.00000,  0.00000] 

