ubtln36b18082014
DG:        -9.14 +-     0.19 kcal/mol     [   -9.50,    -8.80] 
DH:        -3.47 +-     0.26 kcal/mol     [   -4.00,    -2.98] 
DH0:       -0.00 +-     0.00 ucal         [   -0.00,    -0.00] 
Ls:         0.49 +-     0.04 uM           [    0.43,     0.57] 
P0:         0.02 +-     0.00 uM           [    0.02,     0.03] 
sigma:   0.00000 +-  0.00000 ucal/s^(1/2) [ 0.00000,  0.00000] 

