6_VP-ITC
DG:        -8.27 +-     0.03 kcal/mol     [   -8.32,    -8.22] 
DH:       -10.85 +-     0.07 kcal/mol     [  -11.00,   -10.70] 
DH0:       -0.00 +-     0.00 ucal         [   -0.00,    -0.00] 
Ls:         0.38 +-     0.00 uM           [    0.38,     0.38] 
P0:         0.03 +-     0.00 uM           [    0.03,     0.03] 
sigma:   0.00000 +-  0.00000 ucal/s^(1/2) [ 0.00000,  0.00000] 

