ubtln36a
DG:        -9.08 +-     0.06 kcal/mol     [   -9.21,    -8.96] 
DH:        -5.12 +-     0.06 kcal/mol     [   -5.23,    -5.00] 
DH0:       -0.00 +-     0.00 ucal         [   -0.00,    -0.00] 
Ls:         0.40 +-     0.00 uM           [    0.40,     0.40] 
P0:         0.02 +-     0.00 uM           [    0.02,     0.02] 
sigma:   0.00000 +-  0.00000 ucal/s^(1/2) [ 0.00000,  0.00000] 

