ubtln59a
DG:        -9.25 +-     1.38 kcal/mol     [   -9.82,    -8.68] 
DH:        -5.29 +-     0.23 kcal/mol     [   -5.76,    -4.84] 
DH0:       -0.00 +-     0.00 ucal         [   -0.00,    -0.00] 
Ls:         0.40 +-     0.00 uM           [    0.40,     0.40] 
P0:         0.02 +-     0.00 uM           [    0.02,     0.02] 
sigma:   0.00000 +-  0.00000 ucal/s^(1/2) [ 0.00000,  0.00000] 

