Mgp5EDTAp05c
DG:        -9.00 +-     0.12 kcal/mol     [   -9.23,    -8.77] 
DH:        -2.16 +-     0.04 kcal/mol     [   -2.24,    -2.09] 
DH0:       -0.00 +-     0.00 ucal         [   -0.00,    -0.00] 
Ls:         0.50 +-     0.00 uM           [    0.50,     0.50] 
P0:         0.05 +-     0.00 uM           [    0.05,     0.05] 
sigma:   0.00000 +-  0.00000 ucal/s^(1/2) [ 0.00000,  0.00000] 

