ubtln35L
DG:        -9.44 +-     1.14 kcal/mol     [  -10.09,    -8.80] 
DH:        -6.05 +-     0.67 kcal/mol     [   -7.46,    -4.87] 
DH0:       -0.00 +-     0.00 ucal         [   -0.00,     0.00] 
Ls:         0.40 +-     0.04 uM           [    0.33,     0.48] 
P0:         0.02 +-     0.00 uM           [    0.02,     0.03] 
sigma:   0.00000 +-  0.00000 ucal/s^(1/2) [ 0.00000,  0.00000] 

