ubtln36a
DG:        -9.09 +-     0.09 kcal/mol     [   -9.25,    -8.92] 
DH:        -5.19 +-     0.53 kcal/mol     [   -6.28,    -4.24] 
DH0:       -0.00 +-     0.00 ucal         [   -0.00,    -0.00] 
Ls:         0.40 +-     0.04 uM           [    0.33,     0.48] 
P0:         0.02 +-     0.00 uM           [    0.02,     0.03] 
sigma:   0.00000 +-  0.00000 ucal/s^(1/2) [ 0.00000,  0.00000] 

