ubtln59a
DG:        -9.13 +-     1.28 kcal/mol     [   -9.71,    -8.55] 
DH:        -4.01 +-     0.33 kcal/mol     [   -4.68,    -3.39] 
DH0:       -0.00 +-     0.00 ucal         [   -0.00,     0.00] 
Ls:         0.52 +-     0.04 uM           [    0.46,     0.60] 
P0:         0.02 +-     0.00 uM           [    0.02,     0.03] 
sigma:   0.00000 +-  0.00000 ucal/s^(1/2) [ 0.00000,  0.00000] 

