ubtln36e
DG:        -9.22 +-     0.09 kcal/mol     [   -9.39,    -9.05] 
DH:        -5.00 +-     0.50 kcal/mol     [   -6.08,    -4.10] 
DH0:       -0.00 +-     0.00 ucal         [   -0.00,    -0.00] 
Ls:         0.40 +-     0.04 uM           [    0.33,     0.49] 
P0:         0.02 +-     0.00 uM           [    0.02,     0.02] 
sigma:   0.00000 +-  0.00000 ucal/s^(1/2) [ 0.00000,  0.00000] 

