18052014ubtln35test1
DG:        -8.75 +-     0.18 kcal/mol     [   -9.11,    -8.41] 
DH:        -4.36 +-     0.34 kcal/mol     [   -5.03,    -3.72] 
DH0:        0.00 +-     0.00 ucal         [   -0.00,     0.00] 
Ls:         0.53 +-     0.04 uM           [    0.46,     0.61] 
P0:         0.02 +-     0.00 uM           [    0.02,     0.03] 
sigma:   0.00000 +-  0.00000 ucal/s^(1/2) [ 0.00000,  0.00000] 

