ubtln59a
DG:        -9.10 +-     1.09 kcal/mol     [   -9.70,    -8.54] 
DH:        -4.02 +-     0.33 kcal/mol     [   -4.71,    -3.41] 
DH0:       -0.00 +-     0.00 ucal         [   -0.00,    -0.00] 
Ls:         0.52 +-     0.04 uM           [    0.45,     0.60] 
P0:         0.02 +-     0.00 uM           [    0.02,     0.03] 
sigma:   0.00000 +-  0.00000 ucal/s^(1/2) [ 0.00000,  0.00000] 

