ubtln36b
DG:        -8.97 +-     0.22 kcal/mol     [   -9.44,    -8.57] 
DH:        -4.23 +-     0.35 kcal/mol     [   -4.94,    -3.60] 
DH0:       -0.00 +-     0.00 ucal         [   -0.00,    -0.00] 
Ls:         0.47 +-     0.03 uM           [    0.41,     0.54] 
P0:         0.03 +-     0.00 uM           [    0.02,     0.03] 
sigma:   0.00000 +-  0.00000 ucal/s^(1/2) [ 0.00000,  0.00000] 

