ubtln35L
DG:        -9.39 +-     1.45 kcal/mol     [  -10.05,    -8.73] 
DH:        -5.27 +-     0.44 kcal/mol     [   -6.19,    -4.47] 
DH0:       -0.00 +-     0.00 ucal         [   -0.00,     0.00] 
Ls:         0.46 +-     0.03 uM           [    0.40,     0.52] 
P0:         0.03 +-     0.00 uM           [    0.02,     0.03] 
sigma:   0.00000 +-  0.00000 ucal/s^(1/2) [ 0.00000,  0.00000] 

