ubtln59b
DG:        -9.36 +-     0.08 kcal/mol     [   -9.52,    -9.20] 
DH:        -5.14 +-     0.52 kcal/mol     [   -6.24,    -4.20] 
DH0:       -0.00 +-     0.00 ucal         [   -0.00,    -0.00] 
Ls:         0.40 +-     0.04 uM           [    0.33,     0.49] 
P0:         0.02 +-     0.00 uM           [    0.02,     0.03] 
sigma:   0.00000 +-  0.00000 ucal/s^(1/2) [ 0.00000,  0.00000] 

