Mg1EDTAp1d
DG:        -9.16 +-     0.13 kcal/mol     [   -9.43,    -8.91] 
DH:        -2.36 +-     0.17 kcal/mol     [   -2.73,    -2.04] 
DH0:       -0.00 +-     0.00 ucal         [   -0.00,    -0.00] 
Ls:         0.98 +-     0.07 uM           [    0.84,     1.12] 
P0:         0.10 +-     0.01 uM           [    0.09,     0.12] 
sigma:   0.00000 +-  0.00000 ucal/s^(1/2) [ 0.00000,  0.00000] 

