ubtln35test2
DG:        -8.90 +-     0.72 kcal/mol     [   -9.44,    -8.39] 
DH:        -5.39 +-     0.58 kcal/mol     [   -6.61,    -4.34] 
DH0:       -0.00 +-     0.00 ucal         [   -0.00,     0.00] 
Ls:         0.40 +-     0.04 uM           [    0.33,     0.48] 
P0:         0.02 +-     0.00 uM           [    0.02,     0.02] 
sigma:   0.00000 +-  0.00000 ucal/s^(1/2) [ 0.00000,  0.00000] 

