ubtln35o
DG:        -8.99 +-     0.05 kcal/mol     [   -9.10,    -8.88] 
DH:        -6.19 +-     0.06 kcal/mol     [   -6.31,    -6.06] 
DH0:       -0.00 +-     0.00 ucal         [   -0.00,    -0.00] 
Ls:         0.40 +-     0.00 uM           [    0.40,     0.40] 
P0:         0.02 +-     0.00 uM           [    0.02,     0.02] 
sigma:   0.00000 +-  0.00000 ucal/s^(1/2) [ 0.00000,  0.00000] 

