19052014ubtln35test2
DG:        -8.81 +-     0.56 kcal/mol     [   -9.33,    -8.29] 
DH:        -4.42 +-     2.57 kcal/mol     [   -5.00,    -3.52] 
DH0:        0.00 +-     0.00 ucal         [   -0.00,     0.00] 
Ls:         0.58 +-     0.05 uM           [    0.49,     0.66] 
P0:         0.02 +-     0.00 uM           [    0.02,     0.02] 
sigma:   0.00000 +-  0.00000 ucal/s^(1/2) [ 0.00000,  0.00000] 

