ubtln59altesProtein
DG:        -9.20 +-     0.28 kcal/mol     [   -9.63,    -8.78] 
DH:        -4.41 +-     0.16 kcal/mol     [   -4.75,    -4.09] 
DH0:       -0.00 +-     0.00 ucal         [   -0.00,     0.00] 
Ls:         0.40 +-     0.00 uM           [    0.40,     0.40] 
P0:         0.02 +-     0.00 uM           [    0.02,     0.02] 
sigma:   0.00000 +-  0.00000 ucal/s^(1/2) [ 0.00000,  0.00000] 

