13_VP-ITC
DG:        -8.45 +-     0.05 kcal/mol     [   -8.54,    -8.35] 
DH:       -11.46 +-     0.19 kcal/mol     [  -11.87,   -11.10] 
DH0:       -0.00 +-     0.00 ucal         [   -0.00,    -0.00] 
Ls:         0.11 +-     0.00 uM           [    0.11,     0.11] 
P0:         0.01 +-     0.00 uM           [    0.01,     0.01] 
sigma:   0.00000 +-  0.00000 ucal/s^(1/2) [ 0.00000,  0.00000] 

