Mgp5EDTAp05j
DG:        -8.96 +-     0.10 kcal/mol     [   -9.16,    -8.76] 
DH:        -2.19 +-     0.16 kcal/mol     [   -2.51,    -1.89] 
DH0:       -0.00 +-     0.00 ucal         [   -0.00,    -0.00] 
Ls:         0.49 +-     0.03 uM           [    0.42,     0.56] 
P0:         0.05 +-     0.00 uM           [    0.04,     0.06] 
sigma:   0.00000 +-  0.00000 ucal/s^(1/2) [ 0.00000,  0.00000] 

