ubtln36h
DG:        -9.17 +-     0.09 kcal/mol     [   -9.35,    -8.99] 
DH:        -4.99 +-     0.51 kcal/mol     [   -6.05,    -4.08] 
DH0:       -0.00 +-     0.00 ucal         [   -0.00,    -0.00] 
Ls:         0.40 +-     0.04 uM           [    0.33,     0.48] 
P0:         0.02 +-     0.00 uM           [    0.02,     0.02] 
sigma:   0.00000 +-  0.00000 ucal/s^(1/2) [ 0.00000,  0.00000] 

