19052014ubtln35test2
DG:        -9.09 +-     0.48 kcal/mol     [   -9.55,    -8.66] 
DH:        -6.08 +-     0.66 kcal/mol     [   -7.49,    -4.89] 
DH0:        0.00 +-     0.00 ucal         [   -0.00,     0.00] 
Ls:         0.40 +-     0.04 uM           [    0.33,     0.48] 
P0:         0.01 +-     0.00 uM           [    0.01,     0.02] 
sigma:   0.00000 +-  0.00000 ucal/s^(1/2) [ 0.00000,  0.00000] 

