Mgp5EDTAp05g
DG:        -8.87 +-     0.12 kcal/mol     [   -9.10,    -8.64] 
DH:        -2.07 +-     0.04 kcal/mol     [   -2.15,    -1.99] 
DH0:       -0.00 +-     0.00 ucal         [   -0.00,    -0.00] 
Ls:         0.50 +-     0.00 uM           [    0.50,     0.50] 
P0:         0.05 +-     0.00 uM           [    0.05,     0.05] 
sigma:   0.00000 +-  0.00000 ucal/s^(1/2) [ 0.00000,  0.00000] 

