Mg1EDTAp1c
DG:        -9.02 +-     0.04 kcal/mol     [   -9.12,    -8.94] 
DH:        -2.24 +-     0.01 kcal/mol     [   -2.27,    -2.22] 
DH0:       -0.00 +-     0.00 ucal         [   -0.00,    -0.00] 
Ls:         1.00 +-     0.00 uM           [    1.00,     1.00] 
P0:         0.08 +-     0.00 uM           [    0.08,     0.08] 
sigma:   0.00000 +-  0.00000 ucal/s^(1/2) [ 0.00000,  0.00000] 

