ubtln35test2
DG:        -8.78 +-     0.35 kcal/mol     [   -9.32,    -8.29] 
DH:        -4.40 +-     0.37 kcal/mol     [   -5.18,    -3.72] 
DH0:        0.00 +-     0.00 ucal         [   -0.00,     0.00] 
Ls:         0.48 +-     0.04 uM           [    0.42,     0.56] 
P0:         0.02 +-     0.00 uM           [    0.02,     0.03] 
sigma:   0.00000 +-  0.00000 ucal/s^(1/2) [ 0.00000,  0.00000] 

