Mg1EDTAp1b
DG:        -8.99 +-     0.06 kcal/mol     [   -9.10,    -8.88] 
DH:        -2.10 +-     0.14 kcal/mol     [   -2.40,    -1.83] 
DH0:       -0.00 +-     0.00 ucal         [   -0.00,    -0.00] 
Ls:         1.10 +-     0.08 uM           [    0.96,     1.26] 
P0:         0.09 +-     0.01 uM           [    0.08,     0.10] 
sigma:   0.00000 +-  0.00000 ucal/s^(1/2) [ 0.00000,  0.00000] 

