19052014ubtln35test2
DG:        -8.83 +-     0.65 kcal/mol     [   -9.34,    -8.35] 
DH:        -4.31 +-     1.72 kcal/mol     [   -5.03,    -3.56] 
DH0:        0.00 +-     0.00 ucal         [   -0.00,     0.00] 
Ls:         0.57 +-     0.04 uM           [    0.49,     0.66] 
P0:         0.02 +-     0.00 uM           [    0.02,     0.02] 
sigma:   0.00000 +-  0.00000 ucal/s^(1/2) [ 0.00000,  0.00000] 

