ubtln36a14082014
DG:        -8.92 +-     0.22 kcal/mol     [   -9.35,    -8.52] 
DH:        -4.42 +-     0.47 kcal/mol     [   -5.40,    -3.58] 
DH0:       -0.00 +-     0.00 ucal         [   -0.00,    -0.00] 
Ls:         0.40 +-     0.04 uM           [    0.33,     0.48] 
P0:         0.02 +-     0.00 uM           [    0.02,     0.02] 
sigma:   0.00000 +-  0.00000 ucal/s^(1/2) [ 0.00000,  0.00000] 

