ubtln59altesProtein
DG:        -9.09 +-     0.29 kcal/mol     [   -9.59,    -8.65] 
DH:        -3.78 +-     0.31 kcal/mol     [   -4.43,    -3.22] 
DH0:       -0.00 +-     0.00 ucal         [   -0.00,     0.00] 
Ls:         0.47 +-     0.03 uM           [    0.40,     0.54] 
P0:         0.03 +-     0.00 uM           [    0.02,     0.03] 
sigma:   0.00000 +-  0.00000 ucal/s^(1/2) [ 0.00000,  0.00000] 

