18052014ubtln35test2
DG:        -8.58 +-     0.20 kcal/mol     [   -8.99,    -8.20] 
DH:        -4.44 +-     0.36 kcal/mol     [   -5.18,    -3.78] 
DH0:        0.00 +-     0.00 ucal         [   -0.00,     0.00] 
Ls:         0.50 +-     0.04 uM           [    0.44,     0.58] 
P0:         0.02 +-     0.00 uM           [    0.02,     0.03] 
sigma:   0.00000 +-  0.00000 ucal/s^(1/2) [ 0.00000,  0.00000] 

