Mgp5EDTAp05h
DG:        -9.37 +-     0.54 kcal/mol     [   -9.85,    -8.95] 
DH:        -1.95 +-     0.15 kcal/mol     [   -2.25,    -1.68] 
DH0:       -0.00 +-     0.00 ucal         [   -0.00,    -0.00] 
Ls:         0.50 +-     0.03 uM           [    0.43,     0.57] 
P0:         0.05 +-     0.00 uM           [    0.04,     0.06] 
sigma:   0.00000 +-  0.00000 ucal/s^(1/2) [ 0.00000,  0.00000] 

