Mg1EDTAp1b
DG:        -9.00 +-     0.06 kcal/mol     [   -9.11,    -8.88] 
DH:        -2.11 +-     0.16 kcal/mol     [   -2.45,    -1.83] 
DH0:       -0.00 +-     0.00 ucal         [   -0.00,    -0.00] 
Ls:         1.10 +-     0.08 uM           [    0.94,     1.26] 
P0:         0.09 +-     0.01 uM           [    0.08,     0.10] 
sigma:   0.00000 +-  0.00000 ucal/s^(1/2) [ 0.00000,  0.00000] 

