ubtln59c
DG:        -9.46 +-     0.07 kcal/mol     [   -9.60,    -9.33] 
DH:        -5.00 +-     0.04 kcal/mol     [   -5.09,    -4.91] 
DH0:       -0.00 +-     0.00 ucal         [   -0.00,    -0.00] 
Ls:         0.40 +-     0.00 uM           [    0.40,     0.40] 
P0:         0.02 +-     0.00 uM           [    0.02,     0.02] 
sigma:   0.00000 +-  0.00000 ucal/s^(1/2) [ 0.00000,  0.00000] 

