ubtln35n
DG:        -9.05 +-     0.11 kcal/mol     [   -9.27,    -8.85] 
DH:        -6.06 +-     0.11 kcal/mol     [   -6.29,    -5.85] 
DH0:       -0.00 +-     0.00 ucal         [   -0.00,    -0.00] 
Ls:         0.40 +-     0.00 uM           [    0.40,     0.40] 
P0:         0.02 +-     0.00 uM           [    0.02,     0.02] 
sigma:   0.00000 +-  0.00000 ucal/s^(1/2) [ 0.00000,  0.00000] 

