ubtln35L
DG:        -9.45 +-     1.26 kcal/mol     [  -10.07,    -8.78] 
DH:        -6.00 +-     0.26 kcal/mol     [   -6.54,    -5.51] 
DH0:       -0.00 +-     0.00 ucal         [   -0.00,     0.00] 
Ls:         0.40 +-     0.00 uM           [    0.40,     0.40] 
P0:         0.02 +-     0.00 uM           [    0.02,     0.02] 
sigma:   0.00000 +-  0.00000 ucal/s^(1/2) [ 0.00000,  0.00000] 

