12_VP-ITC
DG:        -8.32 +-     0.04 kcal/mol     [   -8.39,    -8.24] 
DH:       -10.56 +-     0.67 kcal/mol     [  -11.90,    -9.30] 
DH0:       -0.00 +-     0.00 ucal         [   -0.00,    -0.00] 
Ls:         0.87 +-     0.06 uM           [    0.77,     0.98] 
P0:         0.03 +-     0.00 uM           [    0.03,     0.03] 
sigma:   0.00000 +-  0.00000 ucal/s^(1/2) [ 0.00000,  0.00000] 

