Mgp5EDTAp05e
DG:        -8.71 +-     0.21 kcal/mol     [   -9.16,    -8.30] 
DH:        -2.62 +-     0.21 kcal/mol     [   -3.05,    -2.24] 
DH0:       -0.00 +-     0.00 ucal         [   -0.00,    -0.00] 
Ls:         0.56 +-     0.04 uM           [    0.48,     0.64] 
P0:         0.04 +-     0.00 uM           [    0.04,     0.05] 
sigma:   0.00000 +-  0.00000 ucal/s^(1/2) [ 0.00000,  0.00000] 

