ubtln36f
DG:        -9.11 +-     0.07 kcal/mol     [   -9.25,    -8.97] 
DH:        -4.87 +-     0.06 kcal/mol     [   -4.99,    -4.75] 
DH0:       -0.00 +-     0.00 ucal         [   -0.00,    -0.00] 
Ls:         0.40 +-     0.00 uM           [    0.40,     0.40] 
P0:         0.02 +-     0.00 uM           [    0.02,     0.02] 
sigma:   0.00000 +-  0.00000 ucal/s^(1/2) [ 0.00000,  0.00000] 

