7_MCS-ITC
DG:        -7.83 +-     0.16 kcal/mol     [   -8.13,    -7.50] 
DH:        -8.54 +-     0.79 kcal/mol     [  -10.15,    -7.15] 
DH0:        0.00 +-     0.00 ucal         [   -0.00,     0.00] 
Ls:         0.64 +-     0.05 uM           [    0.56,     0.74] 
P0:         0.04 +-     0.00 uM           [    0.04,     0.05] 
sigma:   0.00000 +-  0.00000 ucal/s^(1/2) [ 0.00000,  0.00000] 

