3_VP-ITC
DG:        -8.32 +-     0.01 kcal/mol     [   -8.33,    -8.30] 
DH:       -11.94 +-     0.02 kcal/mol     [  -11.98,   -11.90] 
DH0:       -0.00 +-     0.00 ucal         [   -0.00,    -0.00] 
Ls:         0.40 +-     0.00 uM           [    0.40,     0.40] 
P0:         0.03 +-     0.00 uM           [    0.03,     0.03] 
sigma:   0.00000 +-  0.00000 ucal/s^(1/2) [ 0.00000,  0.00000] 

