Mg1EDTAp1d
DG:        -9.14 +-     0.13 kcal/mol     [   -9.41,    -8.91] 
DH:        -2.29 +-     0.03 kcal/mol     [   -2.36,    -2.23] 
DH0:       -0.00 +-     0.00 ucal         [   -0.00,    -0.00] 
Ls:         1.00 +-     0.00 uM           [    1.00,     1.00] 
P0:         0.10 +-     0.00 uM           [    0.10,     0.11] 
sigma:   0.00000 +-  0.00000 ucal/s^(1/2) [ 0.00000,  0.00000] 

