ubtln36e
DG:        -9.22 +-     0.07 kcal/mol     [   -9.36,    -9.09] 
DH:        -4.97 +-     0.05 kcal/mol     [   -5.08,    -4.87] 
DH0:       -0.00 +-     0.00 ucal         [   -0.00,    -0.00] 
Ls:         0.40 +-     0.00 uM           [    0.40,     0.40] 
P0:         0.02 +-     0.00 uM           [    0.02,     0.02] 
sigma:   0.00000 +-  0.00000 ucal/s^(1/2) [ 0.00000,  0.00000] 

