ubtln35test2
DG:        -8.89 +-     0.58 kcal/mol     [   -9.46,    -8.41] 
DH:        -5.33 +-     0.24 kcal/mol     [   -5.84,    -4.88] 
DH0:        0.00 +-     0.00 ucal         [   -0.00,     0.00] 
Ls:         0.40 +-     0.00 uM           [    0.40,     0.40] 
P0:         0.02 +-     0.00 uM           [    0.02,     0.02] 
sigma:   0.00000 +-  0.00000 ucal/s^(1/2) [ 0.00000,  0.00000] 

