Mg1EDTAp1e
DG:        -9.36 +-     0.53 kcal/mol     [   -9.71,    -9.04] 
DH:        -2.23 +-     0.16 kcal/mol     [   -2.57,    -1.92] 
DH0:       -0.00 +-     0.00 ucal         [   -0.00,    -0.00] 
Ls:         1.03 +-     0.07 uM           [    0.89,     1.19] 
P0:         0.10 +-     0.01 uM           [    0.08,     0.11] 
sigma:   0.00000 +-  0.00000 ucal/s^(1/2) [ 0.00000,  0.00000] 

