ubtln36g
DG:        -9.08 +-     0.10 kcal/mol     [   -9.27,    -8.89] 
DH:        -4.87 +-     0.51 kcal/mol     [   -5.95,    -3.95] 
DH0:       -0.00 +-     0.00 ucal         [   -0.00,    -0.00] 
Ls:         0.40 +-     0.04 uM           [    0.33,     0.49] 
P0:         0.02 +-     0.00 uM           [    0.02,     0.03] 
sigma:   0.00000 +-  0.00000 ucal/s^(1/2) [ 0.00000,  0.00000] 

