Mgp5EDTAp05f
DG:        -9.05 +-     0.10 kcal/mol     [   -9.25,    -8.85] 
DH:        -2.16 +-     0.03 kcal/mol     [   -2.22,    -2.10] 
DH0:       -0.00 +-     0.00 ucal         [   -0.00,    -0.00] 
Ls:         0.50 +-     0.00 uM           [    0.50,     0.50] 
P0:         0.05 +-     0.00 uM           [    0.05,     0.05] 
sigma:   0.00000 +-  0.00000 ucal/s^(1/2) [ 0.00000,  0.00000] 

