3_VP-ITC
DG:        -8.25 +-     0.04 kcal/mol     [   -8.33,    -8.17] 
DH:       -10.79 +-     0.75 kcal/mol     [  -12.22,    -9.37] 
DH0:       -0.00 +-     0.00 ucal         [   -0.00,    -0.00] 
Ls:         0.45 +-     0.03 uM           [    0.39,     0.51] 
P0:         0.04 +-     0.00 uM           [    0.03,     0.04] 
sigma:   0.00000 +-  0.00000 ucal/s^(1/2) [ 0.00000,  0.00000] 

