ubtln35k
DG:        -9.08 +-     0.22 kcal/mol     [   -9.52,    -8.67] 
DH:        -5.37 +-     0.44 kcal/mol     [   -6.26,    -4.57] 
DH0:       -0.00 +-     0.00 ucal         [   -0.00,     0.00] 
Ls:         0.47 +-     0.03 uM           [    0.40,     0.54] 
P0:         0.03 +-     0.00 uM           [    0.02,     0.03] 
sigma:   0.00000 +-  0.00000 ucal/s^(1/2) [ 0.00000,  0.00000] 

