19052014ubtln35test2
DG:        -9.08 +-     0.61 kcal/mol     [   -9.54,    -8.66] 
DH:        -6.02 +-     0.25 kcal/mol     [   -6.56,    -5.56] 
DH0:        0.00 +-     0.00 ucal         [   -0.00,     0.00] 
Ls:         0.40 +-     0.00 uM           [    0.40,     0.40] 
P0:         0.01 +-     0.00 uM           [    0.01,     0.01] 
sigma:   0.00000 +-  0.00000 ucal/s^(1/2) [ 0.00000,  0.00000] 

