18052014ubtln35test1
DG:        -8.91 +-     0.17 kcal/mol     [   -9.27,    -8.59] 
DH:        -5.78 +-     0.19 kcal/mol     [   -6.17,    -5.43] 
DH0:        0.00 +-     0.00 ucal         [   -0.00,     0.00] 
Ls:         0.40 +-     0.00 uM           [    0.40,     0.40] 
P0:         0.02 +-     0.00 uM           [    0.02,     0.02] 
sigma:   0.00000 +-  0.00000 ucal/s^(1/2) [ 0.00000,  0.00000] 

