ubtln59b21082014
DG:        -9.29 +-     0.18 kcal/mol     [   -9.67,    -8.94] 
DH:        -5.56 +-     0.57 kcal/mol     [   -6.69,    -4.51] 
DH0:        0.00 +-     0.00 ucal         [   -0.00,     0.00] 
Ls:         0.40 +-     0.04 uM           [    0.33,     0.48] 
P0:         0.03 +-     0.00 uM           [    0.02,     0.03] 
sigma:   0.00000 +-  0.00000 ucal/s^(1/2) [ 0.00000,  0.00000] 

