ubtln35n
DG:        -9.06 +-     0.12 kcal/mol     [   -9.30,    -8.83] 
DH:        -6.11 +-     0.63 kcal/mol     [   -7.42,    -4.97] 
DH0:       -0.00 +-     0.00 ucal         [   -0.00,    -0.00] 
Ls:         0.40 +-     0.04 uM           [    0.33,     0.49] 
P0:         0.02 +-     0.00 uM           [    0.02,     0.03] 
sigma:   0.00000 +-  0.00000 ucal/s^(1/2) [ 0.00000,  0.00000] 

