19052014ubtln35test1
DG:        -8.87 +-     0.18 kcal/mol     [   -9.25,    -8.52] 
DH:        -5.10 +-     0.54 kcal/mol     [   -6.22,    -4.12] 
DH0:       -0.00 +-     0.00 ucal         [   -0.00,     0.00] 
Ls:         0.40 +-     0.04 uM           [    0.33,     0.48] 
P0:         0.02 +-     0.00 uM           [    0.01,     0.02] 
sigma:   0.00000 +-  0.00000 ucal/s^(1/2) [ 0.00000,  0.00000] 

