ubtln59neuesProtein
DG:        -9.19 +-     0.21 kcal/mol     [   -9.62,    -8.80] 
DH:        -5.05 +-     0.14 kcal/mol     [   -5.36,    -4.78] 
DH0:       -0.00 +-     0.00 ucal         [   -0.00,     0.00] 
Ls:         0.40 +-     0.00 uM           [    0.40,     0.40] 
P0:         0.03 +-     0.00 uM           [    0.03,     0.03] 
sigma:   0.00000 +-  0.00000 ucal/s^(1/2) [ 0.00000,  0.00000] 

