8_VP-ITC
DG:        -7.55 +-     0.20 kcal/mol     [   -7.86,    -7.08] 
DH:        -6.10 +-     1.08 kcal/mol     [   -8.70,    -4.76] 
DH0:        0.00 +-     0.00 ucal         [    0.00,     0.00] 
Ls:         0.16 +-     0.01 uM           [    0.14,     0.19] 
P0:         0.01 +-     0.00 uM           [    0.01,     0.01] 
sigma:   0.00000 +-  0.00000 ucal/s^(1/2) [ 0.00000,  0.00000] 

