ubtln59neuesProtein
DG:        -9.16 +-     0.21 kcal/mol     [   -9.61,    -8.76] 
DH:        -4.84 +-     0.37 kcal/mol     [   -5.60,    -4.16] 
DH0:       -0.00 +-     0.00 ucal         [   -0.00,     0.00] 
Ls:         0.42 +-     0.03 uM           [    0.37,     0.48] 
P0:         0.03 +-     0.00 uM           [    0.02,     0.03] 
sigma:   0.00000 +-  0.00000 ucal/s^(1/2) [ 0.00000,  0.00000] 

