12_VP-ITC
DG:        -8.32 +-     0.04 kcal/mol     [   -8.41,    -8.24] 
DH:       -10.62 +-     0.77 kcal/mol     [  -12.19,    -9.23] 
DH0:       -0.00 +-     0.00 ucal         [   -0.00,    -0.00] 
Ls:         0.86 +-     0.06 uM           [    0.75,     0.99] 
P0:         0.03 +-     0.00 uM           [    0.03,     0.03] 
sigma:   0.00000 +-  0.00000 ucal/s^(1/2) [ 0.00000,  0.00000] 

