19052014ubtln35test1
DG:        -8.86 +-     0.18 kcal/mol     [   -9.23,    -8.53] 
DH:        -5.05 +-     0.17 kcal/mol     [   -5.41,    -4.73] 
DH0:       -0.00 +-     0.00 ucal         [   -0.00,     0.00] 
Ls:         0.40 +-     0.00 uM           [    0.40,     0.40] 
P0:         0.02 +-     0.00 uM           [    0.02,     0.02] 
sigma:   0.00000 +-  0.00000 ucal/s^(1/2) [ 0.00000,  0.00000] 

