9_VP-ITC
DG:        -8.18 +-     0.05 kcal/mol     [   -8.27,    -8.08] 
DH:       -10.66 +-     0.76 kcal/mol     [  -12.25,    -9.21] 
DH0:       -0.00 +-     0.00 ucal         [   -0.00,    -0.00] 
Ls:         1.24 +-     0.09 uM           [    1.07,     1.43] 
P0:         0.05 +-     0.00 uM           [    0.04,     0.06] 
sigma:   0.00000 +-  0.00000 ucal/s^(1/2) [ 0.00000,  0.00000] 

