ubtln59altesProtein
DG:        -9.21 +-     0.61 kcal/mol     [   -9.65,    -8.77] 
DH:        -4.41 +-     0.16 kcal/mol     [   -4.74,    -4.11] 
DH0:       -0.00 +-     0.00 ucal         [   -0.00,     0.00] 
Ls:         0.40 +-     0.00 uM           [    0.40,     0.40] 
P0:         0.02 +-     0.00 uM           [    0.02,     0.02] 
sigma:   0.00000 +-  0.00000 ucal/s^(1/2) [ 0.00000,  0.00000] 

