ubtln59d
DG:        -9.38 +-     0.07 kcal/mol     [   -9.51,    -9.25] 
DH:        -5.10 +-     0.05 kcal/mol     [   -5.19,    -5.01] 
DH0:       -0.00 +-     0.00 ucal         [   -0.00,    -0.00] 
Ls:         0.40 +-     0.00 uM           [    0.40,     0.40] 
P0:         0.02 +-     0.00 uM           [    0.02,     0.02] 
sigma:   0.00000 +-  0.00000 ucal/s^(1/2) [ 0.00000,  0.00000] 

