19052014ubtln35test2
DG:        -8.82 +-     0.58 kcal/mol     [   -9.35,    -8.34] 
DH:        -4.33 +-     1.90 kcal/mol     [   -5.00,    -3.54] 
DH0:        0.00 +-     0.00 ucal         [   -0.00,     0.00] 
Ls:         0.57 +-     0.04 uM           [    0.49,     0.66] 
P0:         0.02 +-     0.00 uM           [    0.02,     0.02] 
sigma:   0.00000 +-  0.00000 ucal/s^(1/2) [ 0.00000,  0.00000] 

