ubtln35o
DG:        -8.90 +-     0.07 kcal/mol     [   -9.04,    -8.76] 
DH:        -5.33 +-     0.38 kcal/mol     [   -6.12,    -4.62] 
DH0:       -0.00 +-     0.00 ucal         [   -0.00,    -0.00] 
Ls:         0.47 +-     0.03 uM           [    0.40,     0.54] 
P0:         0.03 +-     0.00 uM           [    0.02,     0.03] 
sigma:   0.00000 +-  0.00000 ucal/s^(1/2) [ 0.00000,  0.00000] 

