6_VP-ITC
DG:        -8.24 +-     0.05 kcal/mol     [   -8.34,    -8.14] 
DH:       -10.37 +-     0.74 kcal/mol     [  -11.93,    -9.05] 
DH0:       -0.00 +-     0.00 ucal         [   -0.00,    -0.00] 
Ls:         0.40 +-     0.03 uM           [    0.35,     0.46] 
P0:         0.03 +-     0.00 uM           [    0.03,     0.04] 
sigma:   0.00000 +-  0.00000 ucal/s^(1/2) [ 0.00000,  0.00000] 

