ubtln59altesProtein
DG:        -9.10 +-     0.53 kcal/mol     [   -9.55,    -8.66] 
DH:        -3.76 +-     0.30 kcal/mol     [   -4.38,    -3.20] 
DH0:       -0.00 +-     0.00 ucal         [   -0.00,     0.00] 
Ls:         0.47 +-     0.03 uM           [    0.41,     0.54] 
P0:         0.03 +-     0.00 uM           [    0.02,     0.03] 
sigma:   0.00000 +-  0.00000 ucal/s^(1/2) [ 0.00000,  0.00000] 

