ubtln59a21082014
DG:        -9.14 +-     0.08 kcal/mol     [   -9.29,    -8.98] 
DH:        -5.02 +-     0.36 kcal/mol     [   -5.75,    -4.37] 
DH0:       -0.00 +-     0.00 ucal         [   -0.00,     0.00] 
Ls:         0.41 +-     0.03 uM           [    0.36,     0.47] 
P0:         0.03 +-     0.00 uM           [    0.03,     0.03] 
sigma:   0.00000 +-  0.00000 ucal/s^(1/2) [ 0.00000,  0.00000] 

