ubtln35o
DG:        -8.90 +-     0.07 kcal/mol     [   -9.04,    -8.77] 
DH:        -5.39 +-     0.38 kcal/mol     [   -6.20,    -4.68] 
DH0:       -0.00 +-     0.00 ucal         [   -0.00,    -0.00] 
Ls:         0.46 +-     0.03 uM           [    0.40,     0.53] 
P0:         0.03 +-     0.00 uM           [    0.02,     0.03] 
sigma:   0.00000 +-  0.00000 ucal/s^(1/2) [ 0.00000,  0.00000] 

