ubtln59a21082014
DG:        -9.16 +-     0.07 kcal/mol     [   -9.29,    -9.03] 
DH:        -5.18 +-     0.05 kcal/mol     [   -5.28,    -5.07] 
DH0:       -0.00 +-     0.00 ucal         [   -0.00,     0.00] 
Ls:         0.40 +-     0.00 uM           [    0.40,     0.40] 
P0:         0.03 +-     0.00 uM           [    0.03,     0.03] 
sigma:   0.00000 +-  0.00000 ucal/s^(1/2) [ 0.00000,  0.00000] 

