18052014ubtln35test2
DG:        -8.57 +-     0.20 kcal/mol     [   -8.98,    -8.19] 
DH:        -4.42 +-     0.35 kcal/mol     [   -5.18,    -3.77] 
DH0:        0.00 +-     0.00 ucal         [   -0.00,     0.00] 
Ls:         0.51 +-     0.04 uM           [    0.44,     0.58] 
P0:         0.02 +-     0.00 uM           [    0.02,     0.03] 
sigma:   0.00000 +-  0.00000 ucal/s^(1/2) [ 0.00000,  0.00000] 

