19052014ubtln36test2
DG:        -8.98 +-     0.20 kcal/mol     [   -9.39,    -8.60] 
DH:        -5.12 +-     0.54 kcal/mol     [   -6.25,    -4.12] 
DH0:        0.00 +-     0.00 ucal         [   -0.00,     0.00] 
Ls:         0.40 +-     0.04 uM           [    0.33,     0.49] 
P0:         0.02 +-     0.00 uM           [    0.02,     0.03] 
sigma:   0.00000 +-  0.00000 ucal/s^(1/2) [ 0.00000,  0.00000] 

