10_VP-ITC
DG:        -8.18 +-     0.02 kcal/mol     [   -8.21,    -8.15] 
DH:       -12.41 +-     0.06 kcal/mol     [  -12.53,   -12.29] 
DH0:       -0.00 +-     0.00 ucal         [   -0.00,    -0.00] 
Ls:         0.38 +-     0.00 uM           [    0.38,     0.38] 
P0:         0.03 +-     0.00 uM           [    0.03,     0.03] 
sigma:   0.00000 +-  0.00000 ucal/s^(1/2) [ 0.00000,  0.00000] 

