10_VP-ITC
DG:        -8.13 +-     0.05 kcal/mol     [   -8.22,    -8.04] 
DH:       -11.44 +-     0.83 kcal/mol     [  -13.15,    -9.90] 
DH0:       -0.00 +-     0.00 ucal         [   -0.00,    -0.00] 
Ls:         0.42 +-     0.03 uM           [    0.36,     0.48] 
P0:         0.03 +-     0.00 uM           [    0.02,     0.03] 
sigma:   0.00000 +-  0.00000 ucal/s^(1/2) [ 0.00000,  0.00000] 

