ubtln59c
DG:        -9.46 +-     0.09 kcal/mol     [   -9.65,    -9.29] 
DH:        -5.02 +-     0.50 kcal/mol     [   -6.06,    -4.13] 
DH0:       -0.00 +-     0.00 ucal         [   -0.00,    -0.00] 
Ls:         0.40 +-     0.04 uM           [    0.33,     0.48] 
P0:         0.02 +-     0.00 uM           [    0.02,     0.03] 
sigma:   0.00000 +-  0.00000 ucal/s^(1/2) [ 0.00000,  0.00000] 

