ubtln35test1
DG:        -8.71 +-     0.20 kcal/mol     [   -9.13,    -8.33] 
DH:        -3.88 +-     0.31 kcal/mol     [   -4.53,    -3.31] 
DH0:        0.00 +-     0.00 ucal         [   -0.00,     0.00] 
Ls:         0.51 +-     0.04 uM           [    0.44,     0.58] 
P0:         0.02 +-     0.00 uM           [    0.02,     0.03] 
sigma:   0.00000 +-  0.00000 ucal/s^(1/2) [ 0.00000,  0.00000] 

