ubtln35test1
DG:        -8.71 +-     0.20 kcal/mol     [   -9.12,    -8.33] 
DH:        -3.91 +-     0.32 kcal/mol     [   -4.58,    -3.34] 
DH0:        0.00 +-     0.00 ucal         [   -0.00,     0.00] 
Ls:         0.50 +-     0.04 uM           [    0.43,     0.58] 
P0:         0.02 +-     0.00 uM           [    0.02,     0.03] 
sigma:   0.00000 +-  0.00000 ucal/s^(1/2) [ 0.00000,  0.00000] 

