14_MCS-ITC
DG:        -8.04 +-     0.19 kcal/mol     [   -8.40,    -7.67] 
DH:        -9.39 +-     1.07 kcal/mol     [  -11.45,    -7.77] 
DH0:       -0.00 +-     0.00 ucal         [   -0.00,     0.00] 
Ls:         0.38 +-     0.03 uM           [    0.33,     0.44] 
P0:         0.02 +-     0.00 uM           [    0.01,     0.02] 
sigma:   0.00000 +-  0.00000 ucal/s^(1/2) [ 0.00000,  0.00000] 

