9_VP-ITC
DG:        -8.17 +-     0.04 kcal/mol     [   -8.26,    -8.08] 
DH:       -10.54 +-     0.72 kcal/mol     [  -12.02,    -9.19] 
DH0:       -0.00 +-     0.00 ucal         [   -0.00,    -0.00] 
Ls:         1.25 +-     0.09 uM           [    1.09,     1.43] 
P0:         0.05 +-     0.00 uM           [    0.04,     0.06] 
sigma:   0.00000 +-  0.00000 ucal/s^(1/2) [ 0.00000,  0.00000] 

