ubtln35o
DG:        -8.99 +-     0.08 kcal/mol     [   -9.15,    -8.83] 
DH:        -6.25 +-     0.62 kcal/mol     [   -7.53,    -5.11] 
DH0:       -0.00 +-     0.00 ucal         [   -0.00,    -0.00] 
Ls:         0.40 +-     0.04 uM           [    0.33,     0.48] 
P0:         0.02 +-     0.00 uM           [    0.02,     0.03] 
sigma:   0.00000 +-  0.00000 ucal/s^(1/2) [ 0.00000,  0.00000] 

