ubtln36a14082014
DG:        -8.91 +-     0.20 kcal/mol     [   -9.33,    -8.55] 
DH:        -4.38 +-     0.15 kcal/mol     [   -4.69,    -4.08] 
DH0:       -0.00 +-     0.00 ucal         [   -0.00,    -0.00] 
Ls:         0.40 +-     0.00 uM           [    0.40,     0.40] 
P0:         0.02 +-     0.00 uM           [    0.02,     0.02] 
sigma:   0.00000 +-  0.00000 ucal/s^(1/2) [ 0.00000,  0.00000] 

