Mgp5EDTAp05c
DG:        -9.02 +-     0.12 kcal/mol     [   -9.28,    -8.78] 
DH:        -2.23 +-     0.16 kcal/mol     [   -2.57,    -1.93] 
DH0:       -0.00 +-     0.00 ucal         [   -0.00,    -0.00] 
Ls:         0.49 +-     0.03 uM           [    0.42,     0.55] 
P0:         0.05 +-     0.00 uM           [    0.04,     0.06] 
sigma:   0.00000 +-  0.00000 ucal/s^(1/2) [ 0.00000,  0.00000] 

