4_VP-ITC
DG:        -8.34 +-     0.06 kcal/mol     [   -8.47,    -8.22] 
DH:        -7.40 +-     0.53 kcal/mol     [   -8.48,    -6.41] 
DH0:       -0.00 +-     0.00 ucal         [   -0.00,    -0.00] 
Ls:         0.63 +-     0.04 uM           [    0.55,     0.72] 
P0:         0.02 +-     0.00 uM           [    0.02,     0.03] 
sigma:   0.00000 +-  0.00000 ucal/s^(1/2) [ 0.00000,  0.00000] 

