Mgp5EDTAp05a
DG:        -8.99 +-     0.12 kcal/mol     [   -9.22,    -8.77] 
DH:        -2.29 +-     0.04 kcal/mol     [   -2.37,    -2.21] 
DH0:       -0.00 +-     0.00 ucal         [   -0.00,    -0.00] 
Ls:         0.50 +-     0.00 uM           [    0.50,     0.50] 
P0:         0.06 +-     0.00 uM           [    0.06,     0.06] 
sigma:   0.00000 +-  0.00000 ucal/s^(1/2) [ 0.00000,  0.00000] 

