Mgp5EDTAp05i
DG:        -8.93 +-     0.09 kcal/mol     [   -9.11,    -8.75] 
DH:        -2.19 +-     0.16 kcal/mol     [   -2.52,    -1.90] 
DH0:       -0.00 +-     0.00 ucal         [   -0.00,    -0.00] 
Ls:         0.50 +-     0.04 uM           [    0.43,     0.57] 
P0:         0.05 +-     0.00 uM           [    0.04,     0.06] 
sigma:   0.00000 +-  0.00000 ucal/s^(1/2) [ 0.00000,  0.00000] 

