ubtln36b
DG:        -8.97 +-     0.29 kcal/mol     [   -9.41,    -8.57] 
DH:        -4.22 +-     0.34 kcal/mol     [   -4.89,    -3.59] 
DH0:       -0.00 +-     0.00 ucal         [   -0.00,    -0.00] 
Ls:         0.47 +-     0.03 uM           [    0.41,     0.54] 
P0:         0.03 +-     0.00 uM           [    0.02,     0.03] 
sigma:   0.00000 +-  0.00000 ucal/s^(1/2) [ 0.00000,  0.00000] 

