ubtln59c21082014
DG:        -9.08 +-     0.15 kcal/mol     [   -9.39,    -8.79] 
DH:        -5.32 +-     0.39 kcal/mol     [   -6.14,    -4.60] 
DH0:        0.00 +-     0.00 ucal         [    0.00,     0.00] 
Ls:         0.41 +-     0.03 uM           [    0.36,     0.47] 
P0:         0.03 +-     0.00 uM           [    0.03,     0.03] 
sigma:   0.00000 +-  0.00000 ucal/s^(1/2) [ 0.00000,  0.00000] 

