ubtln35test1
DG:        -8.86 +-     0.20 kcal/mol     [   -9.28,    -8.48] 
DH:        -4.91 +-     0.18 kcal/mol     [   -5.28,    -4.58] 
DH0:        0.00 +-     0.00 ucal         [   -0.00,     0.00] 
Ls:         0.40 +-     0.00 uM           [    0.40,     0.40] 
P0:         0.02 +-     0.00 uM           [    0.02,     0.02] 
sigma:   0.00000 +-  0.00000 ucal/s^(1/2) [ 0.00000,  0.00000] 

