19052014ubtln35test2
DG:        -8.82 +-     0.41 kcal/mol     [   -9.30,    -8.36] 
DH:        -4.31 +-     1.99 kcal/mol     [   -4.97,    -3.55] 
DH0:        0.00 +-     0.00 ucal         [   -0.00,     0.00] 
Ls:         0.57 +-     0.04 uM           [    0.50,     0.66] 
P0:         0.02 +-     0.00 uM           [    0.02,     0.02] 
sigma:   0.00000 +-  0.00000 ucal/s^(1/2) [ 0.00000,  0.00000] 

