ubtln59b
DG:        -9.36 +-     0.06 kcal/mol     [   -9.48,    -9.25] 
DH:        -5.10 +-     0.04 kcal/mol     [   -5.18,    -5.02] 
DH0:       -0.00 +-     0.00 ucal         [   -0.00,    -0.00] 
Ls:         0.40 +-     0.00 uM           [    0.40,     0.40] 
P0:         0.02 +-     0.00 uM           [    0.02,     0.02] 
sigma:   0.00000 +-  0.00000 ucal/s^(1/2) [ 0.00000,  0.00000] 

