ubtln59c
DG:        -9.38 +-     0.08 kcal/mol     [   -9.55,    -9.23] 
DH:        -4.36 +-     0.31 kcal/mol     [   -5.01,    -3.77] 
DH0:       -0.00 +-     0.00 ucal         [   -0.00,    -0.00] 
Ls:         0.46 +-     0.03 uM           [    0.40,     0.53] 
P0:         0.03 +-     0.00 uM           [    0.02,     0.03] 
sigma:   0.00000 +-  0.00000 ucal/s^(1/2) [ 0.00000,  0.00000] 

