ubtln36d
DG:        -9.06 +-     0.10 kcal/mol     [   -9.27,    -8.87] 
DH:        -4.29 +-     0.30 kcal/mol     [   -4.92,    -3.73] 
DH0:       -0.00 +-     0.00 ucal         [   -0.00,    -0.00] 
Ls:         0.46 +-     0.03 uM           [    0.40,     0.53] 
P0:         0.03 +-     0.00 uM           [    0.02,     0.03] 
sigma:   0.00000 +-  0.00000 ucal/s^(1/2) [ 0.00000,  0.00000] 

