ubtln36f
DG:        -9.11 +-     0.09 kcal/mol     [   -9.30,    -8.93] 
DH:        -4.95 +-     0.50 kcal/mol     [   -6.00,    -4.03] 
DH0:       -0.00 +-     0.00 ucal         [   -0.00,    -0.00] 
Ls:         0.40 +-     0.04 uM           [    0.33,     0.48] 
P0:         0.02 +-     0.00 uM           [    0.02,     0.03] 
sigma:   0.00000 +-  0.00000 ucal/s^(1/2) [ 0.00000,  0.00000] 

