9_VP-ITC
DG:        -8.22 +-     0.02 kcal/mol     [   -8.26,    -8.19] 
DH:       -11.53 +-     0.05 kcal/mol     [  -11.63,   -11.44] 
DH0:       -0.00 +-     0.00 ucal         [   -0.00,    -0.00] 
Ls:         1.14 +-     0.00 uM           [    1.14,     1.14] 
P0:         0.05 +-     0.00 uM           [    0.05,     0.05] 
sigma:   0.00000 +-  0.00000 ucal/s^(1/2) [ 0.00000,  0.00000] 

