ubtln36b18082014
DG:        -9.26 +-     0.18 kcal/mol     [   -9.64,    -8.93] 
DH:        -4.32 +-     0.44 kcal/mol     [   -5.24,    -3.51] 
DH0:       -0.00 +-     0.00 ucal         [   -0.00,    -0.00] 
Ls:         0.40 +-     0.04 uM           [    0.33,     0.48] 
P0:         0.02 +-     0.00 uM           [    0.02,     0.02] 
sigma:   0.00000 +-  0.00000 ucal/s^(1/2) [ 0.00000,  0.00000] 

